0.000200,1.7866,0.1666,5.6542
0.000400,1.8839,0.1556,5.9920
0.000600,1.9591,0.1300,6.2908
0.000800,2.0205,0.1099,6.5239
0.001000,2.0772,0.1032,6.7199
0.001200,2.1171,0.0812,6.8975
0.001400,2.1339,0.0470,6.9918
0.001600,2.1468,0.0424,7.0428
0.001800,2.1606,0.0461,7.0904
0.002000,2.1747,0.0461,7.1419
0.002200,2.1856,0.0418,7.1889
0.002400,2.1929,0.0394,7.2271
0.002600,2.1995,0.0339,7.2539
0.002800,2.2027,0.0305,7.2710
0.003000,2.2042,0.0272,7.2808
0.003200,2.2028,0.0256,7.2839
0.003400,2.1982,0.0208,7.2796
0.003600,2.1853,0.0067,7.2576
0.003800,2.1221,-0.0638,7.1502
0.004000,2.0286,-0.1147,6.8783
0.004200,1.9227,-0.1245,6.5438
0.004400,1.8194,-0.1221,6.1971
0.004600,1.7208,-0.1138,5.8684
0.004800,1.6288,-0.1077,5.5586
0.005000,1.5423,-0.1028,5.2635
0.005200,1.4510,-0.1108,4.9757
0.005400,1.3381,-0.1437,4.6428
0.005600,1.2096,-0.1788,4.3065
0.005800,1.0298,1.9800,2.6917
0.006000,0.8760,2.1824,2.9225
0.006200,0.7237,1.9828,2.7015
0.006400,0.5789,1.6874,2.3225
0.006600,0.4419,1.3639,1.9007
0.006800,0.3098,1.0321,1.4762
0.007000,0.1804,0.6986,1.0587
0.007200,0.0443,0.3540,0.6418
0.007400,-0.0948,-0.0015,0.2142
0.007600,-0.2196,-0.2667,-0.2344
0.007800,-0.3600,-0.1990,-0.7627
0.008000,-0.4851,-0.1563,-1.1509
0.008200,-0.6072,-0.1755,-1.5262
0.008400,-0.7201,-0.1675,-1.9169
0.008600,-0.8361,-0.1740,-2.2953
0.008800,-0.9603,-0.1914,-2.7003
0.009000,-1.0904,-0.1990,-3.1303
0.009200,-1.2159,-0.1959,-3.5652
0.009400,-1.3478,-0.1999,-3.9973
0.009600,-1.4757,-0.1984,-4.4273
0.009800,-1.6013,-0.1975,-4.8518
0.010000,-1.7199,-0.1901,-5.2678
0.010200,-1.8247,-0.1703,-5.6462
0.010400,-1.9221,-0.1605,-5.9825
0.010600,-1.9987,-0.1349,-6.2841
0.010800,-2.0588,-0.1093,-6.5169
0.011000,-2.1126,-0.1016,-6.7071
0.011200,-2.1540,-0.0845,-6.8813
0.011400,-2.1714,-0.0494,-6.9796
0.011600,-2.1853,-0.0473,-7.0299
0.011800,-2.1989,-0.0497,-7.0815
0.012000,-2.2138,-0.0491,-7.1331
0.012200,-2.2260,-0.0458,-7.1831
0.012400,-2.2338,-0.0415,-7.2207
0.012600,-2.2388,-0.0369,-7.2463
0.012800,-2.2427,-0.0348,-7.2652
0.013000,-2.2443,-0.0317,-7.2759
0.013200,-2.2439,-0.0290,-7.2793
0.013400,-2.2398,-0.0241,-7.2756
0.013600,-2.2262,-0.0116,-7.2527
0.013800,-2.1635,0.0598,-7.1499
0.014000,-2.0670,0.1108,-6.8795
0.014200,-1.9657,0.1160,-6.5447
0.014400,-1.8616,0.1193,-6.2047
0.014600,-1.7627,0.1135,-5.8718
0.014800,-1.6689,0.1047,-5.5577
0.015000,-1.5818,0.0977,-5.2632
0.015200,-1.4885,0.1096,-4.9760
0.015400,-1.3759,0.1419,-4.6336
0.015600,-1.2496,0.1398,-4.2802
0.015800,-1.0680,-1.9846,-2.6872
0.016000,-0.9142,-2.1873,-2.9194
0.016200,-0.7613,-1.9892,-2.6981
0.016400,-0.6183,-1.6987,-2.3212
0.016600,-0.4816,-1.3773,-1.9019
0.016800,-0.3496,-1.0446,-1.4798
0.017000,-0.2196,-0.7080,-1.0623
0.017200,-0.0827,-0.3592,-0.6421
0.017400,0.0558,-0.0037,-0.2115
0.017600,0.1820,0.2622,0.2326
0.017800,0.3207,0.1971,0.7593
0.018000,0.4469,0.1535,1.1469
0.018200,0.5686,0.1746,1.5244
0.018400,0.6813,0.1666,1.9178
0.018600,0.7987,0.1733,2.3002
0.018800,0.9236,0.1865,2.7052
0.019000,1.0518,0.1941,3.1321
0.019200,1.1811,0.1959,3.5691
0.019400,1.3108,0.1981,4.0065
0.019600,1.4379,0.1944,4.4383
0.019800,1.5633,0.1910,4.8613
0.020000,1.6805,0.1840,5.2699
0.020200,1.7846,0.1654,5.6484
0.020400,1.8812,0.1559,5.9850
0.020600,1.9590,0.1325,6.2877
0.020800,2.0205,0.1077,6.5230
0.021000,2.0743,0.0989,6.7171
0.021200,2.1152,0.0818,6.8868
0.021400,2.1326,0.0479,6.9887
0.021600,2.1467,0.0443,7.0394
0.021800,2.1604,0.0464,7.0898
0.022000,2.1749,0.0467,7.1404
0.022200,2.1867,0.0433,7.1896
0.022400,2.1941,0.0391,7.2265
0.022600,2.1987,0.0333,7.2533
0.022800,2.2031,0.0314,7.2698
0.023000,2.2044,0.0287,7.2793
0.023200,2.2028,0.0269,7.2835
0.023400,2.1998,0.0217,7.2814
0.023600,2.1874,0.0073,7.2604
0.023800,2.1264,-0.0613,7.1624
0.024000,2.0301,-0.1163,6.8920
0.024200,1.9279,-0.1205,6.5569
0.024400,1.8233,-0.1239,6.2160
0.024600,1.7241,-0.1172,5.8812
0.024800,1.6314,-0.1099,5.5657
0.025000,1.5441,-0.1028,5.2693
0.025200,1.4515,-0.1126,4.9825
0.025400,1.3367,-0.1468,4.6425
0.025600,1.2108,-0.1495,4.2723
0.025800,1.0311,1.9813,2.6963
0.026000,0.8773,2.1839,2.9261
0.026200,0.7262,1.9858,2.7079
0.026400,0.5837,1.6984,2.3334
0.026600,0.4494,1.3807,1.9193
0.026800,0.3185,1.0511,1.4997
0.027000,0.1865,0.7141,1.0810
0.027200,0.0482,0.3641,0.6595
0.027400,-0.0935,0.0012,0.2240
0.027600,-0.2199,-0.2664,-0.2304
0.027800,-0.3565,-0.1962,-0.7578
0.028000,-0.4831,-0.1553,-1.1405
0.028200,-0.6050,-0.1755,-1.5180
0.028400,-0.7173,-0.1679,-1.9089
0.028600,-0.8338,-0.1746,-2.2889
0.028800,-0.9586,-0.1892,-2.6948
0.029000,-1.0871,-0.1956,-3.1236
0.029200,-1.2163,-0.1981,-3.5572
0.029400,-1.3469,-0.1993,-3.9933
0.029600,-1.4757,-0.1981,-4.4279
0.029800,-1.6005,-0.1959,-4.8531
0.030000,-1.7177,-0.1859,-5.2641
0.030200,-1.8207,-0.1679,-5.6359
0.030400,-1.9190,-0.1602,-5.9716
0.030600,-1.9991,-0.1392,-6.2777
0.030800,-2.0612,-0.1138,-6.5218
0.031000,-2.1120,-0.0989,-6.7129
0.031200,-2.1548,-0.0867,-6.8761
0.031400,-2.1720,-0.0510,-6.9793
0.031600,-2.1856,-0.0467,-7.0315
0.031800,-2.1987,-0.0482,-7.0797
0.032000,-2.2127,-0.0497,-7.1313
0.032200,-2.2254,-0.0470,-7.1804
0.032400,-2.2341,-0.0415,-7.2176
0.032600,-2.2391,-0.0369,-7.2451
0.032800,-2.2422,-0.0333,-7.2643
0.033000,-2.2439,-0.0308,-7.2735
0.033200,-2.2430,-0.0284,-7.2781
0.033400,-2.2394,-0.0244,-7.2759
0.033600,-2.2268,-0.0107,-7.2533
0.033800,-2.1653,0.0589,-7.1548
0.034000,-2.0698,0.1123,-6.8853
0.034200,-1.9665,0.1175,-6.5496
0.034400,-1.8628,0.1196,-6.2087
0.034600,-1.7631,0.1135,-5.8766
0.034800,-1.6683,0.1071,-5.5602
0.035000,-1.5815,0.0995,-5.2644
0.035200,-1.4890,0.1099,-4.9736
0.035400,-1.3784,0.1386,-4.6376
0.035600,-1.2455,0.1599,-4.2711
0.035800,-1.0710,-1.9498,-2.6908
0.036000,-0.9162,-2.1888,-2.9182
0.036200,-0.7634,-1.9895,-2.7030
0.036400,-0.6214,-1.7014,-2.3258
0.036600,-0.4842,-1.3794,-1.9071
0.036800,-0.3531,-1.0523,-1.4856
0.037000,-0.2245,-0.7221,-1.0743
0.037200,-0.0882,-0.3739,-0.6577
0.037400,0.0531,-0.0128,-0.2264
0.037600,0.1846,0.2649,0.2216
0.037800,0.3204,0.1975,0.7581
0.038000,0.4459,0.1502,1.1466
0.038200,0.5660,0.1700,1.5195
0.038400,0.6790,0.1639,1.9083
0.038600,0.7945,0.1712,2.2868
0.038800,0.9194,0.1880,2.6914
0.039000,1.0491,0.1950,3.1214
0.039200,1.1760,0.1941,3.5578
0.039400,1.3063,0.1962,3.9912
0.039600,1.4345,0.1950,4.4237
0.039800,1.5589,0.1929,4.8488
0.040000,1.6765,0.1862,5.2599
0.040200,1.7801,0.1669,5.6371
0.040400,1.8767,0.1572,5.9728
0.040600,1.9555,0.1318,6.2761
0.040800,2.0190,0.1102,6.5145
0.041000,2.0734,0.1022,6.7144
0.041200,2.1139,0.0803,6.8911
0.041400,2.1310,0.0461,6.9854
0.041600,2.1448,0.0443,7.0351
0.041800,2.1589,0.0446,7.0849
0.042000,2.1731,0.0458,7.1383
0.042200,2.1847,0.0433,7.1865
0.042400,2.1934,0.0381,7.2240
0.042600,2.1993,0.0348,7.2521
0.042800,2.2024,0.0311,7.2689
0.043000,2.2037,0.0278,7.2784
0.043200,2.2025,0.0262,7.2835
0.043400,2.1982,0.0223,7.2802
0.043600,2.1859,0.0085,7.2576
0.043800,2.1252,-0.0595,7.1569
0.044000,2.0327,-0.1117,6.8926
0.044200,1.9265,-0.1248,6.5596
0.044400,1.8221,-0.1245,6.2099
0.044600,1.7248,-0.1135,5.8776
0.044800,1.6314,-0.1093,5.5672
0.045000,1.5441,-0.1016,5.2724
0.045200,1.4524,-0.1111,4.9873
0.045400,1.3410,-0.1444,4.6513
0.045600,1.2099,-0.1700,4.2671
0.045800,1.0381,1.9370,2.7009
0.046000,0.8853,2.1964,2.9334
0.046200,0.7337,2.0035,2.7314
0.046400,0.5882,1.7106,2.3530
0.046600,0.4508,1.3855,1.9306
0.046800,0.3171,1.0517,1.5027
0.047000,0.1875,0.7181,1.0831
0.047200,0.0529,0.3739,0.6687
0.047400,-0.0873,0.0168,0.2399
0.047600,-0.2132,-0.2618,-0.2017
0.047800,-0.3523,-0.2057,-0.7382
0.048000,-0.4816,-0.1602,-1.1353
0.048200,-0.6040,-0.1749,-1.5134
0.048400,-0.7147,-0.1672,-1.9016
0.048600,-0.8296,-0.1727,-2.2794
0.048800,-0.9540,-0.1886,-2.6814
0.049000,-1.0848,-0.1996,-3.1104
0.049200,-1.2130,-0.1975,-3.5478
0.049400,-1.3404,-0.1968,-3.9775
0.049600,-1.4689,-0.1987,-4.4069
0.049800,-1.5954,-0.1968,-4.8357
0.050000,-1.7151,-0.1886,-5.2489
0.050200,-1.8194,-0.1697,-5.6285
0.050400,-1.9160,-0.1593,-5.9670
0.050600,-1.9958,-0.1367,-6.2703
0.050800,-2.0585,-0.1126,-6.5123
0.051000,-2.1097,-0.0980,-6.7025
0.051200,-2.1529,-0.0867,-6.8691
0.051400,-2.1705,-0.0513,-6.9762
0.051600,-2.1842,-0.0467,-7.0290
0.051800,-2.1972,-0.0482,-7.0757
0.052000,-2.2123,-0.0497,-7.1279
0.052200,-2.2254,-0.0470,-7.1767
0.052400,-2.2326,-0.0415,-7.2149
0.052600,-2.2382,-0.0378,-7.2427
0.052800,-2.2414,-0.0348,-7.2610
0.053000,-2.2439,-0.0314,-7.2713
0.053200,-2.2433,-0.0293,-7.2765
0.053400,-2.2384,-0.0238,-7.2729
0.053600,-2.2263,-0.0110,-7.2536
0.053800,-2.1662,0.0558,-7.1563
0.054000,-2.0730,0.1083,-6.8899
0.054200,-1.9701,0.1154,-6.5587
0.054400,-1.8653,0.1205,-6.2218
0.054600,-1.7649,0.1154,-5.8852
0.054800,-1.6720,0.1071,-5.5693
0.055000,-1.5856,0.1010,-5.2757
0.055200,-1.4951,0.1059,-4.9861
0.055400,-1.3820,0.1407,-4.6587
0.055600,-1.2476,0.1727,-4.2595
0.055800,-1.0730,-1.9175,-2.6914
0.056000,-0.9191,-2.1882,-2.9145
0.056200,-0.7689,-1.9968,-2.7085
0.056400,-0.6267,-1.7142,-2.3399
0.056600,-0.4906,-1.3959,-1.9288
0.056800,-0.3571,-1.0651,-1.5067
0.057000,-0.2274,-0.7285,-1.0871
0.057200,-0.0913,-0.3812,-0.6665
0.057400,0.0488,-0.0241,-0.2368
0.057600,0.1747,0.2597,0.2042
0.057800,0.3163,0.2017,0.7404
0.058000,0.4416,0.1526,1.1362
0.058200,0.5658,0.1743,1.5146
0.058400,0.6784,0.1642,1.9074
0.058600,0.7929,0.1688,2.2837
0.058800,0.9172,0.1856,2.6847
0.059000,1.0468,0.1947,3.1135
0.059200,1.1756,0.1953,3.5533
0.059400,1.3036,0.1944,3.9860
0.059600,1.4296,0.1935,4.4102
0.059800,1.5534,0.1923,4.8317
0.060000,1.6729,0.1865,5.2434
0.060200,1.7795,0.1706,5.6261
0.060400,1.8787,0.1596,5.9716
0.060600,1.9546,0.1312,6.2761
0.060800,2.0156,0.1080,6.5072
0.061000,2.0716,0.1038,6.7040
0.061200,2.1149,0.0851,6.8850
0.061400,2.1320,0.0473,6.9860
0.061600,2.1456,0.0433,7.0357
0.061800,2.1581,0.0461,7.0840
0.062000,2.1725,0.0482,7.1358
0.062200,2.1844,0.0436,7.1850
0.062400,2.1929,0.0381,7.2225
0.062600,2.1993,0.0351,7.2491
0.062800,2.2024,0.0314,7.2677
0.063000,2.2027,0.0281,7.2777
0.063200,2.2030,0.0253,7.2826
0.063400,2.1993,0.0217,7.2799
0.063600,2.1877,0.0092,7.2594
0.063800,2.1300,-0.0558,7.1694
0.064000,2.0359,-0.1138,6.9063
0.064200,1.9346,-0.1190,6.5767
0.064400,1.8287,-0.1233,6.2352
0.064600,1.7287,-0.1187,5.8940
0.064800,1.6337,-0.1105,5.5748
0.065000,1.5468,-0.1025,5.2788
0.065200,1.4542,-0.1114,4.9907
0.065400,1.3430,-0.1428,4.6571
0.065600,1.2114,-0.1703,4.2616
0.065800,1.0389,1.9120,2.6981
0.066000,0.8850,2.1934,2.9258
0.066200,0.7356,2.0032,2.7280
0.066400,0.5927,1.7170,2.3569
0.066600,0.4553,1.3959,1.9410
0.066800,0.3227,1.0663,1.5180
0.067000,0.1915,0.7285,1.0987
0.067200,0.0536,0.3772,0.6766
0.067400,-0.0870,0.0183,0.2417
0.067600,-0.2115,-0.2628,-0.1987
0.067800,-0.3494,-0.2042,-0.7294
0.068000,-0.4773,-0.1572,-1.1240
0.068200,-0.6012,-0.1764,-1.4994
0.068400,-0.7117,-0.1675,-1.8906
0.068600,-0.8266,-0.1746,-2.2697
0.068800,-0.9516,-0.1907,-2.6725
0.069000,-1.0828,-0.1981,-3.1001
0.069200,-1.2104,-0.1959,-3.5377
0.069400,-1.3381,-0.1990,-3.9692
0.069600,-1.4653,-0.1981,-4.4005
0.069800,-1.5918,-0.1962,-4.8228
0.070000,-1.7113,-0.1914,-5.2348
0.070200,-1.8157,-0.1706,-5.6175
0.070400,-1.9135,-0.1602,-5.9560
0.070600,-1.9951,-0.1401,-6.2639
0.070800,-2.0573,-0.1120,-6.5096
0.071000,-2.1084,-0.0974,-6.6979
0.071200,-2.1516,-0.0894,-6.8651
0.071400,-2.1697,-0.0519,-6.9744
0.071600,-2.1839,-0.0458,-7.0251
0.071800,-2.1966,-0.0479,-7.0730
0.072000,-2.2109,-0.0494,-7.1252
0.072200,-2.2236,-0.0452,-7.1740
0.072400,-2.2324,-0.0418,-7.2134
0.072600,-2.2378,-0.0375,-7.2427
0.072800,-2.2422,-0.0339,-7.2600
0.073000,-2.2433,-0.0311,-7.2701
0.073200,-2.2425,-0.0290,-7.2750
0.073400,-2.2376,-0.0247,-7.2723
0.073600,-2.2263,-0.0125,-7.2527
0.073800,-2.1686,0.0531,-7.1572
0.074000,-2.0742,0.1090,-6.8972
0.074200,-1.9716,0.1160,-6.5654
0.074400,-1.8659,0.1190,-6.2252
0.074600,-1.7658,0.1154,-5.8889
0.074800,-1.6729,0.1053,-5.5699
0.075000,-1.5859,0.0970,-5.2751
0.075200,-1.4948,0.1065,-4.9910
0.075400,-1.3837,0.1382,-4.6626
0.075600,-1.2532,0.1679,-4.2644
0.075800,-1.0801,-1.8561,-2.7036
0.076000,-0.9232,-2.1921,-2.9133
0.076200,-0.7704,-1.9996,-2.7168
0.076400,-0.6281,-1.7148,-2.3469
0.076600,-0.4930,-1.4008,-1.9370
0.076800,-0.3624,-1.0746,-1.5171
0.077000,-0.2319,-0.7401,-1.1023
0.077200,-0.0954,-0.3925,-0.6833
0.077400,0.0479,-0.0314,-0.2490
0.077600,0.1772,0.2576,0.1959
0.077800,0.3119,0.2026,0.7321
0.078000,0.4379,0.1505,1.1249
0.078200,0.5615,0.1724,1.4975
0.078400,0.6742,0.1642,1.8897
0.078600,0.7894,0.1700,2.2694
0.078800,0.9131,0.1877,2.6728
0.079000,1.0428,0.1941,3.1031
0.079200,1.1708,0.1926,3.5392
0.079400,1.2981,0.1941,3.9671
0.079600,1.4260,0.1938,4.3962
0.079800,1.5513,0.1910,4.8204
0.080000,1.6683,0.1862,5.2312
0.080200,1.7751,0.1691,5.6142
0.080400,1.8740,0.1587,5.9569
0.080600,1.9543,0.1337,6.2658
0.080800,2.0162,0.1083,6.5065
0.081000,2.0711,0.1013,6.7043
0.081200,2.1126,0.0830,6.8792
0.081400,2.1299,0.0470,6.9790
0.081600,2.1439,0.0446,7.0287
0.081800,2.1574,0.0461,7.0794
0.082000,2.1715,0.0467,7.1331
0.082200,2.1841,0.0433,7.1810
0.082400,2.1926,0.0400,7.2195
0.082600,2.1981,0.0354,7.2475
0.082800,2.2011,0.0327,7.2662
0.083000,2.2033,0.0296,7.2765
0.083200,2.2028,0.0269,7.2820
0.083400,2.1999,0.0217,7.2784
0.083600,2.1871,0.0107,7.2585
0.083800,2.1303,-0.0537,7.1703
0.084000,2.0374,-0.1105,6.9137
0.084200,1.9330,-0.1242,6.5798
0.084400,1.8265,-0.1267,6.2285
0.084600,1.7290,-0.1154,5.8922
0.084800,1.6359,-0.1080,5.5837
0.085000,1.5470,-0.1053,5.2879
0.085200,1.4570,-0.1093,4.9989
0.085400,1.3477,-0.1392,4.6706
0.085600,1.2197,-0.1682,4.2759
0.085800,1.0489,1.8195,2.7229
0.086000,0.8918,2.1989,2.9240
0.086200,0.7407,2.0115,2.7415
0.086400,0.5939,1.7209,2.3676
0.086600,0.4556,1.3990,1.9446
0.086800,0.3244,1.0694,1.5204
0.087000,0.1955,0.7370,1.1069
0.087200,0.0609,0.3934,0.6906
0.087400,-0.0816,0.0317,0.2573
0.087600,-0.2110,-0.2582,-0.1822
0.087800,-0.3482,-0.2075,-0.7227
0.088000,-0.4753,-0.1559,-1.1209
0.088200,-0.5956,-0.1746,-1.4927
0.088400,-0.7103,-0.1675,-1.8836
0.088600,-0.8251,-0.1730,-2.2623
0.088800,-0.9488,-0.1892,-2.6603
0.089000,-1.0778,-0.1965,-3.0882
0.089200,-1.2067,-0.1968,-3.5246
0.089400,-1.3350,-0.1999,-3.9576
0.089600,-1.4643,-0.1987,-4.3898
0.089800,-1.5900,-0.1962,-4.8152
0.090000,-1.7092,-0.1901,-5.2278
0.090200,-1.8133,-0.1697,-5.6093
0.090400,-1.9102,-0.1614,-5.9471
0.090600,-1.9929,-0.1413,-6.2542
0.090800,-2.0576,-0.1157,-6.5035
0.091000,-2.1091,-0.1007,-6.6985
0.091200,-2.1528,-0.0885,-6.8697
0.091400,-2.1700,-0.0501,-6.9762
0.091600,-2.1842,-0.0476,-7.0269
0.091800,-2.1969,-0.0479,-7.0742
0.092000,-2.2106,-0.0491,-7.1249
0.092200,-2.2236,-0.0470,-7.1731
0.092400,-2.2326,-0.0418,-7.2143
0.092600,-2.2378,-0.0363,-7.2417
0.092800,-2.2416,-0.0339,-7.2588
0.093000,-2.2428,-0.0323,-7.2701
0.093200,-2.2425,-0.0287,-7.2759
0.093400,-2.2382,-0.0244,-7.2726
0.093600,-2.2274,-0.0116,-7.2552
0.093800,-2.1725,0.0516,-7.1664
0.094000,-2.0762,0.1102,-6.9106
0.094200,-1.9774,0.1154,-6.5801
0.094400,-1.8709,0.1218,-6.2426
0.094600,-1.7707,0.1169,-5.9026
0.094800,-1.6758,0.1090,-5.5800
0.095000,-1.5865,0.0998,-5.2779
0.095200,-1.4943,0.1062,-4.9904
0.095400,-1.3842,0.1352,-4.6605
0.095600,-1.2564,0.1636,-4.2656
0.095800,-1.0857,-1.8439,-2.7097
0.096000,-0.9294,-2.2040,-2.9197
0.096200,-0.7756,-2.0124,-2.7317
0.096400,-0.6310,-1.7261,-2.3597
0.096600,-0.4929,-1.4042,-1.9410
0.096800,-0.3619,-1.0749,-1.5155
0.097000,-0.2333,-0.7416,-1.1014
0.097200,-0.0967,-0.3952,-0.6854
0.097400,0.0432,-0.0372,-0.2551
0.097600,0.1733,0.2509,0.1856
0.097800,0.3114,0.2091,0.7224
0.098000,0.4372,0.1526,1.1249
0.098200,0.5593,0.1706,1.4951
0.098400,0.6720,0.1642,1.8827
0.098600,0.7848,0.1697,2.2590
0.098800,0.9091,0.1868,2.6603
0.099000,1.0399,0.1962,3.0915
0.099200,1.1690,0.1941,3.5292
0.099400,1.2978,0.1950,3.9610
0.099600,1.4232,0.1932,4.3901
0.099800,1.5481,0.1929,4.8134
0.100000,1.6683,0.1871,5.2284